$>id=1, m=10, n=8, k=6, j=4, s=4
  >minimum_size=7..............
   1. (1, 2, 3, 4, 5, 6)
   2. (1, 2, 3, 4, 5, 7)
   3. (1, 2, 3, 4, 5, 8)
   4. (1, 2, 3, 6, 7, 8)
   5. (1, 2, 4, 6, 7, 8)
   6. (1, 2, 5, 6, 7, 8)
   7. (3, 4, 5, 6, 7, 8)
$>id=2, m=10, n=8, k=7, j=4, s=4
  >minimum_size=5..............
   1. (1, 2, 3, 4, 5, 6, 7)
   2. (1, 2, 3, 4, 5, 6, 8)
   3. (1, 2, 3, 4, 5, 7, 8)
   4. (1, 2, 3, 4, 6, 7, 8)
   5. (1, 2, 3, 5, 6, 7, 8)
$>id=3, m=10, n=8, k=7, j=5, s=4
  >minimum_size=6..............
   1. (1, 2, 3, 4, 5, 6, 7)
   2. (1, 2, 3, 4, 5, 6, 8)
   3. (1, 2, 3, 4, 5, 7, 8)
   4. (1, 2, 3, 4, 6, 7, 8)
   5. (1, 2, 3, 5, 6, 7, 8)
   6. (1, 2, 4, 5, 6, 7, 8)
$>id=4, m=10, n=8, k=7, j=6, s=4
  >minimum_size=7..............
   1. (1, 2, 3, 4, 5, 6, 7)
   2. (1, 2, 3, 4, 5, 6, 8)
   3. (1, 2, 3, 4, 5, 7, 8)
   4. (1, 2, 3, 4, 6, 7, 8)
   5. (1, 2, 3, 5, 6, 7, 8)
   6. (1, 2, 4, 5, 6, 7, 8)
   7. (1, 3, 4, 5, 6, 7, 8)
$>id=5, m=10, n=8, k=7, j=7, s=4
  >minimum_size=8..............
   1. (1, 2, 3, 4, 5, 6, 7)
   2. (1, 2, 3, 4, 5, 6, 8)
   3. (1, 2, 3, 4, 5, 7, 8)
   4. (1, 2, 3, 4, 6, 7, 8)
   5. (1, 2, 3, 5, 6, 7, 8)
   6. (1, 2, 4, 5, 6, 7, 8)
   7. (1, 3, 4, 5, 6, 7, 8)
   8. (2, 3, 4, 5, 6, 7, 8)
